553
557
554
550
545
550
548
548
549
547
547
547
546
546
546
546
546
547
548
546
547
547
545
543
539
581
578
580
580
580
578
579
579
552
555
555
554
554
554
553
552
553
550
550
550
550
549
548
549
548
547
548
547
547
546
544
537
578
577
577
579
579
578
578
578
577
557
561
557
556
557
556
554
553
554
555
553
552
552
553
551
550
551
549
547
546
545
536
579
578
575
577
578
580
578
579
551
559
555
558
559
556
557
557
558
556
556
557
555
555
553
554
552
552
547
544
535
574
573
573
574
573
573
573
573
574
551
557
555
555
555
554
553
552
552
552
552
549
550
547
547
547
546
545
541
535
576
575
575
574
576
576
576
576
575
553
557
554
556
554
551
552
551
552
551
550
549
545
548
547
545
545
536
578
577
576
576
578
577
579
579
576
557
557
555
553
554
552
552
550
551
549
548
548
546
544
545
545
537
575
576
575
575
575
575
575
574
574
559
555
556
554
555
553
554
552
551
551
550
550
549
547
547
546
546
544
536
572
573
573
575
574
574
574
574
573
558
557
556
554
554
554
553
552
550
551
548
550
548
548
546
546
547
544
542
537
575
575
575
575
576
575
574
574
575
562
564
559
559
565
563
559
560
554
556
553
552
553
549
550
548
546
547
546
547
545
546
545
545
547
546
546
545
545
546
546
545
546
545
546
546
545
545
546
545
547
545
546
545
545
546
545
546
546
545
545
545
545
545
546
546
546
546
547
544
546
546
545
546
545
545
546
545
546