510
511
510
510
509
509
510
510
510
511
512
514
516
517
517
518
520
520
520
520
521
520
521
521
520
520
521
520
520
519
519
519
519
518
519
518
518
517
517
517
517
516
517
516
516
517
517
516
516
515
515
513
512
512
512
512
512
511
512
512
512
512
511
512
511
511
512
512
512
513
512
512
514
514
515
516
516
517
517
517
518
518
519
519
519
519
519
519
519
519
519
520
519
518
519
518
519
518
518
518
518
518
517
518
517
517
517
518
517
517
517
517
517
517
517
517
517
517
516
516
515
513
513
512
511
512
512
512
512
512
512
511
511
511
511
511
512
512
513
515
517
518
518
519
520
519
519
520
519
519
518
519
518
518
518
518
518
517
517
518
517
517
516
517
516
515
510
507
504
501
503
504
500
502
504
508
515
525
530
530
531
529
527
525
524
522
521
520
520
519
516
513
505
504
505
505
504
502
501
506
507
508
508
509
511
517
520
526
529
528
528
528
528
526
526
526
525
523
523
522
520
519
518
518
517
515
512
508
505
503
503
504
505
504
503
503
501
504
502
504
504
503
504
503
507
508
509
511
514
518
523
526
527
528
528
528
527
527
527
525
525
524
523
522
521
520
520
520
519
519
518
518
517
515
507
505
511
517
521
523
520
519
516
505
507
512
512
515
518
522
520
520
520
519
519
519
515
509
508
508
512
505
509
512
516
521
522
522
521
522
523
522
522
522
521
521
520
519
512
509
507
508
509
511
508
510
509
512
516
520
522
521
521
521
520
520
519
520
518
518
517
516
516
515
514
512
511
512
510
511
511
512
510
511
512
512
512
513
514
515
516
516
516
516
517
517
518
519
519
520
519
520
519
519
519
519
519
519
518
518
517
518
518
518
517
517
516
517
517
516
516
515
516
515
514
514
514
513
513
512
512
513
513
513
513
514
514
514
514
514
515
514
515
515
515
516
516
516
517
518
518
518
519
519
520
519
520
519
519
518
518
519
518
518
518
518
517
518
517
517
516
517
517
516
516
516
516
516
515
515
515
514
513
512
513
513
513
512
512
513
513
513
514
514
515
516
516
516
516
517
517
518
519
519
518
518
519
519
518
518
518
518
517
517
517
516
516
516
516
516
516
516
516
515
515
514
513
513
513
513
513
512
513
513
514
514
514
515
515
516
516
516
515
516
517
517
518
517
518
519
519
518
519