526
524
522
519
516
517
517
518
517
517
517
517
518
519
520
521
525
529
533
536
535
536
538
536
535
535
534
534
532
533
533
531
529
527
525
521
516
516
518
518
519
519
518
519
519
519
519
518
518
518
521
518
520
521
523
526
528
530
532
533
535
536
535
535
535
534
534
535
535
535
534
533
532
533
532
531
530
528
527
524
521
519
517
518
518
518
519
519
519
519
519
519
519
521
521
524
525
528
529
533
535
535
535
535
534
534
535
535
536
535
535
534
532
529
529
526
522
521
520
519
518
517
518
519
519
517
518
518
520
520
521
522
524
526
528
531
534
533
535
536
535
535
535
534
534
531
525
512
503
500
498
500
505
526
543
553
556
557
555
547
546
541
525
511
506
502
500
501
503
503
511
526
540
551
552
553
550
546
540
530
519
504
504
503
505
506
510
517
526
539
548
550
547
546
543
539
530
521
505
503
503
505
505
509
520
533
543
548
549
549
546
542
536
521
509
503
504
503
507
514
526
542
550
552
551
547
541
531
520
504
505
505
505
514
528
534
542
544
546
545
541
542
