516
517
517
517
518
517
517
516
515
513
515
515
514
512
510
507
503
505
505
504
505
500
502
502
504
504
504
504
505
506
507
509
512
515
516
517
518
518
519
519
520
522
523
526
527
526
528
528
528
528
528
526
527
526
525
524
525
523
523
522
522
521
521
521
520
520
520
519
517
515
511
511
510
509
506
506
505
506
506
506
506
507
508
510
509
509
510
510
510
510
512
511
512
512
516
515
516
516
516
516
516
517
516
517
517
518
526
525
524
523
523
523
523
523
523
523
523
523
523
523
523
523
522
522
521
521
520
520
519
520
519
519
518
517
518
517
517
517
517
516
515
514
514
512
512
511
511
511
510
509
509
510
510
510
510
508
510
510
511
512
513
512
513
514
516
516
518
519
519
519
521
523
523
523
523
523
521
523
523
523
522
522
522
522
522
521
522
521
521
521
520
520
520
519
519
518
518
517
518
518
517
517
517
517
517
516
515
515
513
513
512
511
510
511
509
509
510
510
510
510
511
509
510
512
512
513
513
515
517
518
517
518
519
520
520
521
521
521
521
522
522
522
521
522
522
521
521
521
521
520
521
519
519
519
517
517
518
518
518
517
516
518
517
517
516
515
510
505
502
501
500
502
502
503
503
504
505
506
509
514
518
517
518
520
522
524
525
525
525
527
526
526
526
527
527
525
524
525
523
523
523
522
522
521
520
520
518
518
519
518
517
509
505
502
502
500
499
501
502
500
503
504
505
507
505
504
509
508
513
515
516
519
520
522
522
525
527
528
530
530
528
527
528
526
525
524
523
523
523
522
522
521
521
521
521
520
519
518
518
517
518
517
515
514
509
508
505
506
503
503
504
503
504
505
505
505
505
508
510
514
517
518
518
518
519
520
523
525
525
524
525
525
525
524
526
525
525
524
525
524
525
525
523
522
522
521
520
520
519
518
519
519
517
516
511
507
506
503
504
502
502
501
502
504
502
503
505
506
507
509
513
517
518
518
519
519
521
523
524
526
525
525
526
527
527
527
526
527
526
525
525
524
523
523
522
523
523
522
521
520
521
521
520
519
519
519
518
519
518
518
518
518
518
518
517
517
517
517
517
515
516
515
513
512
511
510
510
510
510
510
511
510
510
511
511
511
512
512
512
512
513
515
517
518
518
519
518
518
519
520
520
520
520
520
520
521
521
521
519
521
521
520
520
521
520
519
520
520
519
519
518
518
519
518
519
518
518
518
518
518
517
518
516
515
514
513
512
511
512
512
510
511
510
512
511
511
511
512
513
513
514
515
515
515
515
517
517
517
518
519
519
520
520
521
522
521
522
522
522
521
521
521
521
522
521
521
520
520
519
519
520
520
519
520
520
520
519
519
519
519
519
519
520
519
519
518
519
519
517
514
510
508
506
504
504
502
501
500
499
499
500
500
498
496
500
501
503
507
508
512
515
518
518
520
520
522
525
530
533
536
538
536
535
535
533
531
532
531
529
527
526
524
524
523
523
521
521
520
517
513
497
498
498
499
500
499
497
503
506
510
514
518
522
527
531
533
531
531
529
527
525
523
523
522
521
521
518
507
503
499
497
498
498
497
499
503
507
509
511
513
516
517
517
517
517
518
517
517
517
517
517
517
517
518
517
518
517
517
517
517
517
517
517
517
517
517
517
531
531
534
536
535
534
533
532
531
529
528
528
527
526
526
525
524
523
523
522
521
521
520
520
516
509
503
499
499
498
494
494
495
494
499
511
515
517
517
517
518
517
517
517
517
517
517
517
517
517
517
517
517
517
518
531
531
533
532
530
530
529
528
528
526
525
526
524
523
522
522
521
520
520
517
511
504
500
501
501
502
498
496
505
516
517
517
517
518
517
517
517
519
525
527
530
528
528
530
530
531
531
532
529
528
528
527
525
525
525
525
524
522
523
522
521
520
518
517
515
512
510
510
509
509
508
508
506
506
507
509
510
511
512
513
514
515
517
519
519
522
524
522
524
524
524
524
523
524
523
523
524
523
523
522
522
521
522
522
522
521
521
519
519
518
518
517
517
515
513
512
511
511
511
511
511
511
512
512
512
512
513
513
514
515
515
517
518
518
519
519
520
522
523
523
523
522
523
521
522
523
522
521
521
521
520
520
520
520
519
520
520
520
517
518
516
514
512
510
509
508
510
510
510
510
512
517
520
523
523
524
524
525
524
524
524
524
524
524
523
524
523
523
522
522
521
521
520
521
520
520
518